189.108	36005
191.983	34933
194.857	34401
197.730	34476
200.603	34018
203.474	33354
206.344	33324
209.214	31994
212.082	31407
214.950	31335
217.816	31425
220.682	30865
223.547	29906
226.410	29606
229.273	29438
232.135	28774
234.996	28787
237.856	28837
240.715	27699
243.574	28127
246.431	27420
249.287	26980
252.143	26630
254.997	26463
257.851	26232
260.703	25718
263.555	25617
266.406	25662
269.256	25111
272.105	24471
274.953	24636
277.800	24413
280.646	24233
283.491	23944
286.336	23810
289.179	23507
292.022	23064
294.863	22727
297.704	22633
300.544	22584
303.383	22199
306.220	21645
309.057	21865
311.894	22115
314.729	21886
317.563	21894
320.396	21177
323.229	21341
326.060	20979
328.891	20905
331.720	20780
334.549	20856
337.377	20932
340.204	20819
343.030	20668
345.855	20130
348.679	20446
351.502	20029
354.325	20231
357.146	19974
359.967	19803
362.786	19540
365.605	19573
368.423	19546
371.240	19239
374.056	19486
376.871	19200
379.685	18579
382.498	18315
385.311	18731
388.122	18674
390.933	18450
393.742	18512
396.551	18185
399.359	17931
402.166	17675
404.972	17928
407.777	17363
410.581	17697
413.385	17481
416.187	17190
418.989	17114
421.789	17122
424.589	16915
427.388	16626
430.186	16597
432.983	16524
435.779	16578
438.574	16139
441.368	15980
444.162	16109
446.954	16164
449.746	16098
452.537	15939
455.327	15530
458.116	15817
460.904	15200
463.691	15596
466.477	15494
469.263	15520
472.047	15300
474.831	15606
477.613	15411
480.395	15317
483.176	15382
485.956	15033
488.735	14933
491.513	14724
494.291	14600
497.067	14347
499.843	14140
502.618	14028
505.391	14192
508.164	14162
510.936	13971
513.707	13925
516.478	13934
519.247	13934
522.016	13942
524.783	13730
527.550	13835
530.316	13860
533.081	13675
535.845	13722
538.608	13834
541.370	13617
544.132	13603
546.892	13599
549.652	13706
552.411	13767
555.169	13585
557.926	13664
560.682	13514
563.437	13457
566.191	13496
568.945	13283
571.697	13336
574.449	13216
577.200	13236
579.950	13073
582.699	13155
585.447	13369
588.195	13186
590.941	13208
593.687	13049
596.432	13139
599.176	13187
601.919	13103
604.661	13150
607.402	13288
610.142	13025
612.882	13042
615.621	12813
618.358	12718
621.095	12778
623.831	12807
626.566	12613
629.301	12560
632.034	12492
634.767	12543
637.498	12763
640.229	12506
642.959	12592
645.688	12456
648.416	12577
651.144	12573
653.870	12436
656.596	12387
659.321	12343
662.045	12326
664.768	12379
667.490	12467
670.211	12263
672.932	12242
675.651	11995
678.370	12182
681.088	11963
683.805	11902
686.521	11731
689.236	11823
691.951	11790
694.664	11609
697.377	11646
700.089	11559
702.800	11459
705.510	11448
708.219	11467
710.927	11458
713.635	11430
716.342	11351
719.048	11377
721.753	11343
724.457	11223
727.160	11312
729.862	11307
732.564	11258
735.265	11223
737.965	11259
740.664	11234
743.362	11115
746.059	11016
748.756	10922
751.451	10961
754.146	10941
756.840	10937
759.533	10880
762.225	10887
764.917	10796
767.607	10888
770.297	10810
772.986	10854
775.674	10832
778.361	10775
781.047	10656
783.732	10506
786.417	10620
789.101	10591
791.784	10629
794.466	10514
797.147	10710
799.827	10566
802.507	10545
805.186	10510
807.863	10386
810.540	10410
813.217	10405
815.892	10295
818.566	10266
821.240	10310
823.913	10279
826.585	10444
829.256	10150
831.926	10179
834.596	10209
837.264	10105
839.932	10111
842.599	10123
845.265	9951
847.930	9960
850.595	9871
853.258	9862
855.921	9934
858.583	9871
861.244	9798
863.904	9847
866.564	9759
869.222	9698
871.880	9819
874.537	9853
877.193	10031
879.848	9649
882.503	9630
885.156	9641
887.809	9536
890.461	9528
893.112	9546
895.762	9453
898.412	9574
901.061	9472
903.708	9403
906.355	9519
909.001	9464
911.647	9474
914.291	9389
916.935	9456
919.578	9396
922.220	9502
924.861	9525
927.501	9535
930.141	9490
932.779	9343
935.417	9413
938.054	9490
940.691	9557
943.326	9464
945.961	9544
948.594	9437
951.227	9303
953.860	9264
956.491	9285
959.121	9151
961.751	9198
964.380	9214
967.008	9231
969.635	9128
972.261	9141
974.887	9163
977.512	9326
980.136	9260
982.759	9237
985.381	9227
988.003	9387
990.623	9353
993.243	9272
995.862	9327
998.480	9349
1001.098	9342
1003.715	9438
1006.330	9478
1008.945	9266
1011.559	9277
1014.173	9280
1016.785	9229
1019.397	9201
1022.008	9271
1024.618	9254
1027.227	9131
1029.836	9248
1032.444	9139
1035.050	9195
1037.657	9293
1040.262	9340
1042.866	9252
1045.470	9166
1048.073	9333
1050.675	9290
1053.276	9330
1055.876	9484
1058.476	9454
1061.075	9504
1063.673	9567
1066.270	9519
1068.866	9582
1071.462	9508
1074.057	9623
1076.651	9554
1079.244	9395
1081.836	9332
1084.428	9328
1087.019	9332
1089.609	9383
1092.198	9289
1094.786	9322
1097.374	9329
1099.960	9480
1102.546	9506
1105.132	9461
1107.716	9269
1110.300	9425
1112.882	9488
1115.464	9424
1118.046	9527
1120.626	9629
1123.205	9698
1125.784	9757
1128.362	9789
1130.939	9755
1133.516	9862
1136.091	9792
1138.666	9872
1141.240	9789
1143.814	9907
1146.386	9848
1148.958	9939
1151.528	9908
1154.099	9858
1156.668	9909
1159.236	9841
1161.804	9972
1164.371	9957
1166.937	9930
1169.502	10038
1172.067	10194
1174.631	10042
1177.194	10107
1179.756	10180
1182.317	10180
1184.878	10063
1187.437	10088
1189.996	10207
1192.555	10202
1195.112	10232
1197.669	10290
1200.225	10207
1202.780	10092
1205.334	10149
1207.888	10286
1210.440	10316
1212.992	10255
1215.543	10275
1218.094	10396
1220.643	10379
1223.192	10433
1225.740	10313
1228.287	10450
1230.834	10426
1233.380	10370
1235.924	10429
1238.469	10232
1241.012	10339
1243.555	10430
1246.096	10425
1248.637	10432
1251.178	10474
1253.717	10459
1256.256	10489
1258.794	10454
1261.331	10444
1263.867	10569
1266.403	10650
1268.937	10593
1271.471	10688
1274.005	10807
1276.537	10861
1279.069	11057
1281.600	11176
1284.130	11326
1286.659	11312
1289.188	11520
1291.716	11539
1294.243	11587
1296.769	11807
1299.295	11972
1301.819	12062
1304.343	12116
1306.866	12206
1309.389	12074
1311.911	12166
1314.431	12106
1316.952	11944
1319.471	12124
1321.990	11987
1324.507	12000
1327.024	12042
1329.541	11785
1332.056	11821
1334.571	11813
1337.085	11756
1339.598	11769
1342.111	11703
1344.622	11747
1347.133	11629
1349.643	11692
1352.153	11684
1354.661	11536
1357.169	11540
1359.676	11492
1362.183	11540
1364.688	11673
1367.193	11637
1369.697	11610
1372.200	11450
1374.703	11791
1377.205	11793
1379.706	11813
1382.206	11947
1384.705	11944
1387.204	12026
1389.702	12128
1392.199	12177
1394.696	12200
1397.192	12325
1399.686	12288
1402.181	12470
1404.674	12415
1407.167	12550
1409.659	12574
1412.150	12651
1414.640	12561
1417.130	12681
1419.619	12610
1422.107	12673
1424.594	12569
1427.081	12566
1429.567	12581
1432.052	12545
1434.536	12561
1437.020	12581
1439.503	12573
1441.985	12610
1444.466	12399
1446.947	12577
1449.427	12597
1451.906	12565
1454.384	12512
1456.862	12549
1459.339	12662
1461.815	12730
1464.290	12619
1466.765	12768
1469.238	12839
1471.712	12916
1474.184	12958
1476.656	12891
1479.126	12920
1481.597	13077
1484.066	13233
1486.535	13113
1489.002	13089
1491.470	13123
1493.936	13246
1496.402	13089
1498.867	13066
1501.331	13029
1503.794	13011
1506.257	12947
1508.719	13042
1511.180	12924
1513.640	12948
1516.100	12950
1518.559	12992
1521.017	13027
1523.475	12822
1525.932	13005
1528.388	12961
1530.843	12925
1533.297	13053
1535.751	12882
1538.204	12890
1540.657	12777
1543.108	12969
1545.559	12950
1548.009	12933
1550.458	12910
1552.907	12764
1555.355	12652
1557.802	12783
1560.249	12608
1562.694	12342
1565.139	12351
1567.583	12200
1570.027	12165
1572.470	12309
1574.912	12028
1577.353	12007
1579.793	12053
1582.233	11824
1584.672	11974
1587.111	11820
1589.548	11773
1591.985	11755
1594.421	11765
1596.857	11635
1599.291	11690
1601.725	11666
1604.159	11469
1606.591	11468
1609.023	11593
1611.454	11411
1613.884	11317
1616.314	11341
1618.743	11202
1621.171	11381
1623.598	11010
1626.025	11096
1628.451	11039
1630.876	10912
1633.301	10743
1635.724	10791
1638.148	10779
1640.570	10825
1642.991	10685
1645.412	10661
1647.832	10687
1650.252	10621
1652.671	10599
1655.089	10512
1657.506	10560
1659.922	10374
1662.338	10357
1664.753	10293
1667.168	10342
1669.581	10132
1671.994	10055
1674.406	10022
1676.818	9850
1679.229	9899
1681.639	9798
1684.048	9756
1686.457	9619
1688.865	9610
1691.272	9582
1693.678	9589
1696.084	9540
1698.489	9523
1700.893	9566
1703.297	9467
1705.700	9645
1708.102	9433
1710.503	9466
1712.904	9316
1715.304	9371
1717.703	9101
1720.102	9207
1722.500	9201
1724.897	9245
1727.294	9231
1729.689	9165
1732.084	9199
1734.479	9112
1736.872	9062
1739.265	9064
1741.657	8957
1744.049	9000
1746.439	8958
1748.829	9081
1751.219	8984
1753.607	9113
1755.995	9145
1758.383	9058
1760.769	9064
1763.155	9078
1765.540	9218
1767.924	9255
1770.308	9174
1772.691	9353
1775.073	9344
1777.455	9347
1779.835	9282
1782.216	9225
1784.595	9282
1786.974	9332
1789.352	9330
1791.729	9310
1794.106	9386
1796.482	9208
1798.857	9347
1801.231	9386
1803.605	9268
1805.978	9213
1808.350	9246
1810.722	9292
1813.093	9226
1815.463	9180
1817.833	9194
1820.202	9190
1822.570	9247
1824.937	9242
1827.304	9289
1829.670	9216
1832.036	9155
1834.400	9380
1836.764	9140
1839.128	9309
1841.490	9293
1843.852	9258
1846.213	9256
1848.574	9288
1850.933	9324
1853.293	9327
1855.651	9369
1858.009	9323
1860.366	9469
1862.722	9518
1865.078	9513
1867.432	9601
1869.787	9553
1872.140	9647
1874.493	9693
1876.845	9654
1879.197	9817
1881.547	9773
1883.897	9878
1886.247	9965
1888.595	10034
1890.943	9994
1893.291	9979
1895.637	9975
1897.983	9960
1900.328	9937
1902.673	9993
1905.017	9943
1907.360	9903
1909.702	9882
1912.044	9776
1914.385	9860
1916.726	9853
1919.065	9739
1921.404	9738
1923.743	9587
1926.080	9656
1928.417	9586
1930.754	9642
1933.089	9428
1935.424	9637
1937.758	9431
1940.092	9476
1942.425	9435
1944.757	9561
1947.088	9512
1949.419	9440
1951.749	9567
1954.078	9592
1956.407	9462
1958.735	9730
1961.063	9645
1963.389	9733
1965.715	9788
1968.041	9657
1970.365	9696
1972.689	9783
1975.013	9856
1977.335	9778
1979.657	9801
1981.978	9695
1984.299	9772
1986.619	9700
1988.938	9787
1991.256	9726
1993.574	9747
1995.891	9906
1998.208	9760
2000.524	9977
2002.839	9818
2005.153	9771
2007.467	9729
2009.780	9931
2012.093	9864
2014.404	9930
2016.715	9978
2019.026	10025
2021.335	10033
2023.644	10043
2025.953	10086
2028.261	10098
2030.568	10090
2032.874	10111
2035.180	9992
2037.485	10274
2039.789	9980
2042.093	10001
2044.396	10053
2046.698	10133
2048.999	10174
2051.300	9849
2053.601	9917
2055.900	9985
2058.199	9958
2060.498	9830
2062.795	9876
2065.092	9846
2067.388	9693
2069.684	9791
2071.979	9698
2074.273	9692
2076.567	9557
2078.860	9380
2081.152	9595
2083.444	9440
2085.735	9496
2088.025	9411
2090.314	9420
2092.603	9573
2094.892	9352
2097.179	9336
2099.466	9348
2101.752	9350
2104.038	9394
2106.323	9285
2108.607	9329
2110.891	9407
2113.174	9273
2115.456	9413
2117.738	9414
2120.019	9352
2122.299	9292
2124.579	9414
2126.858	9493
2129.136	9429
2131.414	9284
2133.691	9468
2135.967	9360
2138.243	9406
2140.518	9445
2142.792	9303
2145.066	9406
2147.339	9327
2149.611	9346
2151.883	9370
2154.154	9224
2156.424	9326
2158.694	9197
2160.963	9160
2163.232	9121
2165.499	9143
2167.766	9047
2170.033	9082
2172.299	8991
2174.564	9092
2176.828	9032
2179.092	9011
2181.355	9050
2183.618	9090
2185.880	8985
2188.141	9049
2190.402	9099
2192.662	9022
2194.921	9000
2197.179	9016
2199.437	9174
2201.695	9212
2203.951	9083
2206.207	9230
2208.463	9283
2210.717	9347
2212.971	9384
2215.225	9419
2217.478	9276
2219.730	9419
2221.981	9432
2224.232	9228
2226.482	9350
2228.732	9473
2230.980	9469
2233.229	9557
2235.476	9504
2237.723	9631
2239.969	9580
2242.215	9567
2244.460	9524
2246.704	9684
2248.948	9545
2251.191	9569
2253.433	9530
2255.675	9389
2257.916	9585
2260.156	9639
2262.396	9528
2264.635	9574
2266.874	9562
2269.112	9427
2271.349	9444
2273.586	9422
2275.822	9386
2278.057	9507
2280.291	9443
2282.525	9339
2284.759	9375
2286.992	9331
2289.224	9298
2291.455	9431
2293.686	9353
2295.916	9335
2298.146	9393
2300.374	9525
2302.603	9522
2304.830	9453
2307.057	9449
2309.284	9489
2311.509	9632
2313.734	9646
2315.959	9742
2318.182	9882
2320.406	9843
2322.628	10017
2324.850	10059
2327.071	9935
2329.292	9907
2331.512	9971
2333.731	10065
2335.950	9955
2338.168	9811
2340.385	9802
2342.602	9790
2344.818	9958
2347.034	9793
2349.248	9890
2351.463	10053
2353.676	9979
2355.889	9743
2358.102	9968
2360.313	9978
2362.524	9962
2364.735	9808
2366.945	9962
2369.154	10054
2371.362	9857
2373.570	9891
2375.777	10077
2377.984	10002
2380.190	9988
2382.395	9947
2384.600	9915
2386.804	9892
2389.008	9826
2391.211	9875
2393.413	9937
2395.615	9769
2397.816	9753
2400.016	9802
2402.216	9788
2404.415	9903
2406.613	9759
2408.811	9790
2411.008	9848
2413.205	10036
2415.401	9952
2417.596	9815
2419.791	10042
2421.985	10148
2424.178	9999
2426.371	10144
2428.564	10156
2430.755	9979
2432.946	10133
2435.136	10084
2437.326	9856
2439.515	10193
2441.704	9986
2443.892	9829
2446.079	9989
2448.265	9894
2450.451	9623
2452.637	9916
2454.822	9679
2457.006	9597
2459.189	9901
2461.372	9405
2463.554	9717
2465.736	9875
2467.917	9570
2470.097	9877
2472.277	9699
2474.456	9670
2476.635	9822
2478.813	9509
2480.990	9914
2483.167	9692
2485.343	9678
2487.518	9845
2489.693	9587
2491.867	9740
2494.041	9734
2496.214	9704
2498.386	9866
2500.558	9847
2502.729	9839
2504.900	10035
2507.070	9770
2509.239	9847
2511.408	9895
2513.576	10050
2515.743	9874
2517.910	9969
2520.076	9886
2522.242	9900
2524.407	9803
2526.571	9906
2528.735	10011
2530.898	9824
2533.061	9992
2535.223	9886
2537.384	9870
2539.545	9876
2541.705	9815
2543.865	9914
2546.023	9744
2548.182	9872
2550.339	9659
2552.496	9906
2554.653	9667
2556.809	9823
2558.964	9760
2561.119	9572
2563.273	9804
2565.426	9716
2567.579	9781
2569.731	9605
2571.883	9788
2574.034	9615
2576.184	9825
2578.334	9811
2580.483	9699
2582.632	10045
2584.779	10554
2586.927	10887
2589.074	10978
2591.220	11501
2593.365	12281
2595.510	12636
2597.654	11353
2599.798	11536
2601.941	11566
2604.084	11694
2606.226	12110
2608.367	11448
2610.508	10404
2612.648	10122
2614.787	9956
2616.926	9920
2619.065	9816
2621.202	9884
2623.339	9631
2625.476	9703
2627.612	9687
2629.747	9690
2631.882	9570
2634.016	9702
2636.149	9457
2638.282	9614
2640.414	9434
2642.546	9497
2644.677	9367
2646.808	9579
2648.938	9309
2651.067	9535
2653.196	9240
2655.324	9521
2657.451	9345
2659.578	9536
2661.704	9356
2663.830	9505
2665.955	9470
2668.080	9604
2670.204	9449
2672.327	9436
2674.450	9524
2676.572	9428
2678.694	9432
2680.815	9463
2682.935	9536
2685.055	9407
2687.174	9473
2689.292	9570
2691.410	9526
2693.528	9549
2695.645	9781
2697.761	9616
2699.876	9771
2701.992	9678
2704.106	9765
2706.220	9617
2708.333	9828
2710.446	9547
